661 270 851 270 851 321 661 321##::그에
160 274 230 274 230 314 160 314##::해당하는
248 274 398 274 398 321 248 321##::업체와
409 274 526 274 526 321 409 321##::계약을
537 274 650 274 650 321 537 321##::체결하여야
862 274 946 274 946 321 862 321##::했다.
701 328 855 328 855 380 701 380##::그랜데도
230 332 380 332 380 376 230 376##::'광업소에서는
398 332 687 332 687 380 398 380##::경비업을
869 332 942 332 942 376 869 376##::직접
961 332 1111 332 1111 376 961 376##::수행하고
1125 332 1238 332 1238 380 1125 380##::있다는
1253 332 1403 332 1403 380 1253 380##::증명서는
1421 332 1494 332 1494 380 1421 380##::있으
160 387 296 387 296 434 160 434##::나 청소
310 387 427 387 427 434 310 434##::용역을
533 387 683 387 683 434 533 434##::직접
699 389 814 384 816 434 702 440##::수행하고
829 387 983 387 983 438 829 438##::있다는
994 387 1070 387 1070 434 994 434##::증명서가
1089 387 1275 387 1275 434 1089 434##::없어
1290 387 1403 387 1403 434 1290 434##::계약상대자
438 391 515 391 515 434 438 434##::자격이
1421 391 1494 391 1494 434 1421 434##::없는
160 445 310 445 310 493 160 493##::주식회사
328 445 508 445 508 493 328 493##::.4산산과
899 445 1041 445 1041 493 899 493##::2013.
1059 445 1147 445 1147 493 1059 493##::2.
1162 445 1275 445 1275 493 1162 493##::19.
1293 445 1366 445 1366 493 1293 493##::"경비
1385 445 1494 445 1494 493 1385 493##::및
522 449 606 449 606 489 522 489##::시설관리
621 449 654 449 654 486 621 486##::작업'
668 449 719 449 719 486 668 486##::계약을
741 449 818 449 818 489 741 489##::맞어
840 449 884 449 884 493 840 493##::계약질
160 504 237 504 237 551 160 551##::서를
248 504 434 504 434 551 248 551##::어지립히게
445 504 566 504 566 551 445 551##::되었다.
160 646 277 646 277 694 160 694##::조치할
306 650 383 650 383 694 306 694##::사항
475 650 698 650 698 698 475 698##::대한석탄공사
709 650 825 650 825 698 709 698##::사장은
840 650 1056 650 1056 698 840 698##::입찰참가자격
1074 650 1187 650 1187 698 1074 698##::요건을
1202 650 1348 650 1348 698 1202 698##::확인하지
1363 654 1494 654 1494 694 1363 694##::않고 계
160 738 237 738 237 785 160 785##::약을
1184 738 1341 738 1341 789 1184 789##::체결하는
248 741 398 741 398 789 248 789##::일이
409 741 486 741 486 785 409 785##::없도록
500 741 613 741 613 782 500 782##::계약
624 741 709 741 709 785 624 785##::관련
716 741 793 741 793 789 716 789##::업무를
807 741 917 741 917 789 807 789##::철저히
931 741 1041 741 1041 789 931 789##::하시기
1056 741 1169 741 1169 789 1056 789##::바랍니다.
